1411
1802
1773
1775
1442
1471
1048
1403
1881
1930
1710
1717
685
1255
1451
1870
208
1725
1879
143
1372
1726
1357
1624
1378
1993
1721
1712
1867
1355
1743
1942
114
407
1892
1937
2001
1466
1461
1770
1441
1410
1915
1482
1512
1631
1954
1632
1788
1971
1989
1427
1684
1749
1795
1839
1358
1354
1591
1924
1456
2002
1746
1323
1946
1889
296
1908
1959
1944
1655
1602
1768
1666
1465
1782
1739
1472
1576
645
1496
1538
1761
1353
1639
1904
1765
1519
1948
1900
1376
1918
1950
667
1976
1925
1939
1319
1895
1510
1480
735
1674
1997
1868
1728
1893
1500
1363
1840
1905
1361
1894
1558
1369
1922
1367
1463
1365
1504
1898
1343
1436
1700
1911
1811
1829
1984
1444
1806
1455
1778
1835
1817
1668
1907
1748
2007
1534
1269
1473
1572
2006
1651
1853
1943
1968
1969
1437
1692
1955
1964
1821
1805
1999
1614
1754
1888
1832
1623
1723
1678
2008
1819
1595
1972
1229
1703
1762
1818
1062
1599
1996
2000
1960
1927
1407
1414
1923
1685
1998
1497
1687
1416
1757
1470
1810
2010
1553
1379
1495
1565
1796
2004
1899
2009
1395
1388
1902
1741
1583
1295
1747
1628
1756
1992
1984
1990
2006
1626
1292
1561
1697
1249
2001
1822
1715
1951
1600
1615
1769
1825
1335
1987
1745
1660
1952
1437
1348
1968
615
1847
476
1346
1357
1838
1955
1750
1831
2003
1730
1696
1257
1581
866
1765
1691
1995
1977
1988
1713
1599
1300
1892
1550
2002
1694
1930
1998
1564
1704
1398
864
1480
1578
1946
1850
1964
1914
1860
1979
1857
1969
1675
1967
2009
1950
1834
783
1935
1963
1659
1314
1647
1671
1706
1734
1965
1666
316
1657
1663
1373
1719
1778
1559
1869
1958
1986
1845
1643
1783
1670
1445
1758
2008
1680
1251
1982
1420
1621
1997
1785
1994
1376
1944
1771
1844
96
467
1954
903
1368
1305
1589
1970
1980
1521
1775
1629
1796
1985
1957
1669
1637
1606
1766
1972
1956
1685
1235
58
1996
1959
1788
1273
1378
1233
1470
1584
1741
1327
1763
1989
1665
1667
1975
1862
1791
1229
1873
1761
1754
1882
1642
1971
1777
1580
1648
1678
1266
1645
502
1717
1723
1244
1370
1898
1755
1708
1983
1901
844
1239
1290
1879
1656
1966
1929
1993
1743
1909
1451
2000
1978
1938
1707
1337
1362
1263